image_width: 1280
image_height: 720
camera_name: narrow_stereo
camera_matrix:
  rows: 3
  cols: 3
  data: [796.62207,   0.     , 674.57298,
           0.     , 856.057  , 586.88776,
           0.     ,   0.     ,   1.     ]
distortion_model: plumb_bob
distortion_coefficients:
  rows: 1
  cols: 5
  data: [-0.274258, 0.040343, -0.054555, -0.014826, 0.000000]
rectification_matrix:
  rows: 3
  cols: 3
  data: [1., 0., 0.,
         0., 1., 0.,
         0., 0., 1.]
projection_matrix:
  rows: 3
  cols: 4
  data: [609.51172,   0.     , 633.486  ,   0.     ,
           0.     , 844.12219, 583.22598,   0.     ,
           0.     ,   0.     ,   1.     ,   0.     ]
